500 1
1000 1
2000 1
5000 1
500 2
1000 2
2000 2
5000 2
500 3
1000 3
2000 3
5000 3
500 4
1000 4
2000 4
5000 4
500 5
1000 5
2000 5
5000 5
500 6
1000 6
2000 6
5000 6
500 7
1000 7
2000 7
5000 7
500 8
1000 8
2000 8
5000 8
500 9
1000 9
2000 9
5000 9
500 10
1000 10
2000 10
5000 10
500 11
1000 11
2000 11
5000 11
500 12
1000 12
2000 12
5000 12
500 13
1000 13
2000 13
5000 13
500 14
1000 14
2000 14
5000 14
500 15
1000 15
2000 15
5000 15
500 16
1000 16
2000 16
5000 16
500 17
1000 17
2000 17
5000 17
500 18
1000 18
2000 18
5000 18
500 19
1000 19
2000 19
5000 19
500 20
1000 20
2000 20
5000 20
500 21
1000 21
2000 21
5000 21
500 22
1000 22
2000 22
5000 22
